A = [1, 0, 0, -0.0399993;
     0, 1, 0, 0;
    0.159997, 0, 16.9992, -71.9998;
    -0.0399993, 0, -3.9998, 17];

t_inv = eye(4);
t_inv(:,4) = -A(:,4);
r_inv = A';
r_inv(4,:) = 0;
r_inv(4,4) = 1;

A_inv = r_inv * t_inv;

A
r_inv
t_inv


A_inv * A